
Chilean Producer Data: Estimated LR(lnL) for Beverages
=======================================
      M=1    M=2    M=3    M=4    M=5  
---------------------------------------
T=1    0      0      0      0      0   
T=2 -13.823 28.085 10.084 11.519 11.643
T=3 -39.860 29.452 18.832 18.057 23.231
T=4 -65.553 36.403 21.221 14.598 42.864
T=5 -91.561 25.885 24.370 8.420  74.466
---------------------------------------

Simulated crit for(lnL) Beverages 313
=================================================================================================================
           M=1                M=2                   M=3                    M=4                      M=5          
-----------------------------------------------------------------------------------------------------------------
T=1         0                  0                     0                      0                        0           
T=2 9.67,11.76,16.13    13.28,16.97,39.9    15.67,23.59,106.83     34.82,475.14,9000.03            0,0,0         
T=3 10.23,12.36,17.71  12.53,16.23,77.84     14.17,18.6,53.93       15.34,20.8,1730.26    203.46,2040.96,11684.73
T=4 11.28,15.82,30.43  11.37,13.96,57.34   37.39,434.49,61716.14 35.02,32031.53,262740.38   59.44,492.4,4124.75  
T=5 11.59,16.13,93.67 16.28,101.62,6993.59  16.69,35.39,4587.95           0,0,0                    0,0,0         
-----------------------------------------------------------------------------------------------------------------

Chilean Producer Data: Estimated (lnM) for Beverages
=========================================
      M=1     M=2     M=3    M=4    M=5  
-----------------------------------------
T=1    0       0       0      0      0   
T=2 -11.341  23.460 13.917  27.369 16.988
T=3 -46.381  30.302 19.795  50.421 36.101
T=4 -88.032  37.541 27.090  76.858 60.062
T=5 -117.144 37.645 124.046 88.996 69.084
-----------------------------------------

Simulated crit for(lnM) Beverages 313
==================================================================================================
             M=1                   M=2                    M=3                    M=4          M=5 
--------------------------------------------------------------------------------------------------
T=1           0                     0                      0                      0            0  
T=2   10.18,12.38,18.01     14.58,19.72,60.16   1211.55,4106.22,11378.72        0,0,0        0,0,0
T=3  11.7,16.07,1610.09   29.22,141.19,8898.25    13.74,17.56,52883.77    19.5,78.64,514.43  0,0,0
T=4  12.97,34.34,8471.87   12.99,20.83,60248.7   16.79,85.98,1330597.64  16.83,35.53,4497.45 0,0,0
T=5 15.05,292.76,44667.53 18.14,67.48,701484.67          0,0,0                  0,0,0        0,0,0
--------------------------------------------------------------------------------------------------

Chilean Producer Data: Estimated LR(lnK) for Beverages
========================================
      M=1     M=2    M=3    M=4    M=5  
----------------------------------------
T=1    0       0      0      0      0   
T=2 -20.105  21.033 15.166 9.896  26.554
T=3 -56.604  35.335 17.439 6.118  39.905
T=4 -82.762  34.800 19.499 18.903 56.481
T=5 -100.677 31.040 18.237 12.344 9.753 
----------------------------------------

Simulated crit for(lnK) Beverages 313
=============================================================================================================
            M=1                 M=2                  M=3                   M=4                   M=5         
-------------------------------------------------------------------------------------------------------------
T=1          0                   0                    0                     0                     0          
T=2  10.24,12.78,20.52  42.04,86.65,9093.37  14.85,21.84,3129.34  21.92,134.96,14971.13         0,0,0        
T=3 11.16,14.55,120.39  14.15,25.66,2651.78   14.22,17.76,72.58   30.26,160.64,16994.02 22.77,515.46,29498.75
T=4 12.28,21.6,4029.99  12.4,16.38,9082.32  30.75,199.18,12235.78         0,0,0                 0,0,0        
T=5 13.02,38.17,2246.16  22.32,40.43,1515   52.4,781.87,92360.67          0,0,0                 0,0,0        
-------------------------------------------------------------------------------------------------------------
