
Chilean Producer Data: Estimated LR(lnL) for Textiles
=========================================
      M=1      M=2    M=3    M=4    M=5  
-----------------------------------------
T=1    0        0      0      0      0   
T=2 -109.556 62.859  41.313 24.939 30.009
T=3 -216.590 134.383 61.315 44.697 28.901
T=4 -299.261 196.910 72.841 39.868 30.116
T=5 -299.094 226.939 95.727 75.002 41.350
-----------------------------------------

Simulated crit for(lnL) Textiles 321
===========================================================================================================
           M=1               M=2                M=3                   M=4                     M=5          
-----------------------------------------------------------------------------------------------------------
T=1         0                 0                  0                     0                       0           
T=2 10.21,12.31,17.37  11.26,13,18.23    11.98,13.93,18.37     13.59,15.87,32.64      14.58,17.34,410.23   
T=3 11.01,13.47,27.82 11.85,15.05,27.51  12.99,15.99,24.79  284.56,4638.21,17543.41    25.21,58.95,859.7   
T=4 10.37,12.74,26.12 12.37,16.11,30.67  14.2,18.47,918.98    29.45,59.01,8110.41    88.24,594.85,9214.82  
T=5 11.6,19.7,419.61  12.54,18.19,51.74 16.01,32.78,4341.41   26.53,91.56,6510.35   2972.04,5828.7,14456.49
-----------------------------------------------------------------------------------------------------------

Chilean Producer Data: Estimated (lnM) for Textiles
===========================================
      M=1      M=2     M=3    M=4     M=5  
-------------------------------------------
T=1    0        0       0      0       0   
T=2 -129.642 118.108 34.076  31.140 237.899
T=3 -227.038 193.169 68.118  49.358 147.803
T=4 -243.937 172.082 100.053 71.089 75.552 
T=5 -200.648 186.279 111.644 78.132 48.908 
-------------------------------------------

Simulated crit for(lnM) Textiles 321
=======================================================================================================================
            M=1                M=2                   M=3                      M=4                       M=5            
-----------------------------------------------------------------------------------------------------------------------
T=1          0                  0                     0                        0                         0             
T=2  10.81,13.09,36.84  13.11,17.15,34.69     12.67,15.63,51.1         14.62,18.25,82.56         15.59,19.33,83.77     
T=3 11.12,14.78,101.88  14.62,23.02,531.64    13.9,18.04,173.83     26.86,2127.42,31557.23      17.94,72.45,30324.57   
T=4 18.15,32.02,2160.8  24.04,42.44,162.53 124.92,6120.57,44581.76   23.83,141.95,13988.5      21.43,423.16,17839.21   
T=5 54.91,823.5,4959.71 22.88,49.56,334.58    18.23,32.6,213.47    1585.5,19461.99,620586.46 5294.86,23245.01,304548.99
-----------------------------------------------------------------------------------------------------------------------

Chilean Producer Data: Estimated LR(lnK) for Textiles
=========================================
      M=1      M=2    M=3    M=4    M=5  
-----------------------------------------
T=1    0        0      0      0      0   
T=2 -120.241 79.313  57.784 20.408 23.810
T=3 -230.056 141.578 66.216 50.413 37.481
T=4 -295.036 206.205 72.238 50.471 39.258
T=5 -305.084 271.681 87.548 58.466 60.207
-----------------------------------------

Simulated crit for(lnK) Textiles 321
================================================================================================================
           M=1                 M=2                 M=3                    M=4                     M=5           
----------------------------------------------------------------------------------------------------------------
T=1         0                   0                   0                      0                       0            
T=2 12.53,17.06,38.73   11.33,13.97,22.74   12.97,18.04,355.45   258.5,959.02,8211.37    166.99,1204.1,8986.58  
T=3  12.54,17.95,45.6  12.78,19.23,103.81    15.49,27.91,107     29.87,250.62,4076.35    935.16,6816.3,27642.45 
T=4 40.25,68.32,184.02 20.17,49.09,300.87  15.45,42.17,4076.94  414.49,1959.35,7513.63  1890.12,8490.49,54077.16
T=5 50.1,98.07,287.42  60.14,111.69,600.51 52.51,708.79,3622.99 3945.29,7665.17,19534.9 1841.3,4200.89,11210.12 
----------------------------------------------------------------------------------------------------------------
